3D Printed part - Button Left:
[[ 1.     0.     0.    -0.294]
 [ 0.    -1.     0.     0.546]
 [ 0.     0.    -1.     0.137]
 [ 0.     0.     0.     1.   ]]

3D Printed part - Button Right:
[[ 1.     0.     0.    -0.146]
 [ 0.    -1.     0.     0.69 ]
 [ 0.     0.    -1.     0.134]
 [ 0.     0.     0.     1.   ]]

3D Printed part - Top Right:
[[ 1.     0.     0.    -0.315]
 [ 0.    -1.     0.     0.844]
 [ 0.     0.    -1.     0.134]
 [ 0.     0.     0.     1.   ]]

3D Printed part - Top Left:
[[ 1.     0.     0.    -0.448]
 [ 0.    -1.     0.     0.715]
 [ 0.     0.    -1.     0.137]
 [ 0.     0.     0.     1.   ]]

Metal part - Button Left:
[[ 1.     0.     0.    -0.294]
 [ 0.    -1.     0.     0.546]
 [ 0.     0.    -1.     0.133]
 [ 0.     0.     0.     1.   ]]

Metal part - Button Right:
[[ 1.     0.     0.    -0.146]
 [ 0.    -1.     0.     0.69 ]
 [ 0.     0.    -1.     0.13 ]
 [ 0.     0.     0.     1.   ]]

Metal part - Top Right:
[[ 1.     0.     0.    -0.315]
 [ 0.    -1.     0.     0.844]
 [ 0.     0.    -1.     0.13 ]
 [ 0.     0.     0.     1.   ]]

Metal part - Top Left:
[[ 1.     0.     0.    -0.448]
 [ 0.    -1.     0.     0.715]
 [ 0.     0.    -1.     0.133]
 [ 0.     0.     0.     1.   ]]

Starting position:
[[ 1.    0.   -0.   -0.3 ]
 [ 0.   -1.    0.    0.75]
 [ 0.   -0.   -1.    0.25]
 [ 0.    0.    0.    1.  ]]

Ending position:
[[ 1.    -0.     0.    -0.3  ]
 [ 0.    -1.    -0.     0.75 ]
 [ 0.     0.    -1.     0.203]
 [ 0.     0.     0.     1.   ]]

